(1) *******Household composition - crude association****

. logistic case i.hh_composition, or base

Logistic regression                             Number of obs     = 15,293,603
                                                LR chi2(107)      =   13098.30
                                                Prob > chi2       =     0.0000
Log likelihood = -288132.09                     Pseudo R2         =     0.0222

--------------------------------------------------------------------------------
          case | Odds Ratio   Std. Err.      z    P>|z|     [95% Conf. Interval]
---------------+----------------------------------------------------------------
hh_composition |
            1  |          1  (base)
            2  |   1.098762   .1698977     0.61   0.542     .8114936    1.487722
            3  |   1.215706   .1809133     1.31   0.189     .9081517    1.627417
            4  |   1.183127   .1982561     1.00   0.316     .8519139     1.64311
            5  |   1.575307   .2914056     2.46   0.014     1.096244    2.263724
            6  |   1.547237   .3510455     1.92   0.054     .9918168    2.413693
            7  |   1.885651   .4976664     2.40   0.016     1.124112    3.163099
            8  |   .8786878   .4093901    -0.28   0.781     .3525743    2.189871
            9  |   1.541484   .7183348     0.93   0.353     .6184114    3.842384
           10  |   .8156215   .1568254    -1.06   0.289     .5595283    1.188927
           11  |    1.05135    .160459     0.33   0.743     .7795349    1.417945
           12  |   1.033188   .1486278     0.23   0.820     .7793472    1.369707
           13  |   1.050046   .1620407     0.32   0.752      .775984    1.420901
           14  |   1.358481   .2286675     1.82   0.069     .9767301    1.889439
           15  |   1.422613   .2834824     1.77   0.077     .9626513    2.102349
           16  |   1.706806   .3967641     2.30   0.021     1.082216    2.691873
           17  |   1.702718    .492611     1.84   0.066     .9657898    3.001944
           18  |   1.416948   .5666855     0.87   0.384     .6470379    3.102975
           19  |   .9701707   .1810565    -0.16   0.871     .6729674    1.398628
           20  |   .8131833   .1306525    -1.29   0.198     .5935094    1.114164
           21  |   1.007305   .1461843     0.05   0.960     .7579331    1.338723
           22  |   1.137645   .1730469     0.85   0.397     .8443662    1.532791
           23  |   1.891682   .2970705     4.06   0.000     1.390514    2.573482
           24  |   1.688485   .3166147     2.79   0.005     1.169189    2.438425
           25  |   1.986655   .4320767     3.16   0.002     1.297165    3.042635
           26  |   1.678269   .4855348     1.79   0.074     .9519258     2.95883
           27  |   1.821318   .6521258     1.67   0.094     .9028415    3.674175
           28  |   1.720062   .2790328     3.34   0.001     1.251584    2.363895
           29  |    1.81839   .2633891     4.13   0.000     1.368966    2.415358
           30  |   2.009605   .2813587     4.99   0.000     1.527343    2.644142
           31  |   2.473121   .3562832     6.29   0.000     1.864744     3.27998
           32  |   3.134542   .4760981     7.52   0.000     2.327486    4.221444
           33  |   4.078237   .6663166     8.60   0.000     2.960739    5.617521
           34  |   4.479609   .8290421     8.10   0.000     3.116794    6.438314
           35  |   4.606938   1.012504     6.95   0.000     2.994587    7.087414
           36  |   3.582622    1.06611     4.29   0.000     1.999411    6.419483
           37  |   3.689844   .4949831     9.73   0.000     2.836753    4.799483
           38  |   3.553007   .4745113     9.49   0.000     2.734742    4.616106
           39  |   3.951905   .5282336    10.28   0.000     3.041097    5.135502
           40  |   4.465863   .6077066    11.00   0.000     3.420389    5.830897
           41  |   5.916231   .8222572    12.79   0.000     4.505493    7.768692
           42  |   7.053429   1.014673    13.58   0.000     5.320476    9.350828
           43  |   7.754584   1.174558    13.52   0.000     5.762756    10.43487
           44  |   6.596656   1.118995    11.12   0.000     4.730794    9.198429
           45  |   8.425405   1.517224    11.84   0.000     5.919823    11.99148
           46  |   3.758832   .5020229     9.91   0.000      2.89313    4.883575
           47  |    4.18503   .5550345    10.79   0.000     3.227075    5.427354
           48  |   4.667356   .6180819    11.63   0.000     3.600388    6.050519
           49  |   5.364338   .7204113    12.51   0.000       4.1229    6.979582
           50  |   6.309816   .8666583    13.41   0.000     4.820626    8.259046
           51  |    6.59724   .9447782    13.17   0.000     4.982684    8.734967
           52  |   7.680934   1.149374    13.62   0.000     5.728493    10.29882
           53  |   7.150372   1.164601    12.08   0.000     5.196263    9.839345
           54  |   7.751759   1.376344    11.53   0.000     5.473528    10.97825
           55  |   4.737573    .630761    11.68   0.000     3.649445     6.15014
           56  |   4.926142   .6531273    12.03   0.000     3.798843    6.387966
           57  |   5.161825   .6819146    12.42   0.000     3.984312    6.687337
           58  |   6.867067   .9174787    14.42   0.000     5.285012    8.922706
           59  |   8.177939   1.118838    15.36   0.000     6.254455    10.69297
           60  |   8.089906   1.165833    14.51   0.000      6.09926    10.73025
           61  |    9.51597   1.443824    14.85   0.000      7.06811    12.81158
           62  |   6.103554    1.12033     9.85   0.000     4.259333    8.746292
           63  |   6.468678   1.347366     8.96   0.000     4.300491    9.730003
           64  |   5.262926   .6930867    12.61   0.000     4.065656    6.812774
           65  |   5.907629   .7795885    13.46   0.000     4.561274     7.65139
           66  |   6.297863   .8349451    13.88   0.000     4.856734    8.166614
           67  |   7.443299   1.009309    14.80   0.000     5.706145    9.709304
           68  |   8.519607   1.205341    15.14   0.000     6.456436    11.24207
           69  |    9.61119   1.448376    15.02   0.000     7.153255     12.9137
           70  |   10.42226   1.713405    14.26   0.000     7.551367    14.38462
           71  |   12.25966   2.193171    14.01   0.000     8.633844    17.40815
           72  |   9.163704    2.05907     9.86   0.000     5.899395    14.23425
           73  |   4.342638   .5716361    11.16   0.000     3.355112    5.620826
           74  |   5.667529   .7557318    13.01   0.000     4.364063    7.360316
           75  |   6.520383   .8924641    13.70   0.000     4.986165    8.526672
           76  |   8.206355   1.173206    14.72   0.000     6.200973    10.86027
           77  |   8.897935   1.352147    14.38   0.000     6.606007    11.98504
           78  |   14.26874   2.227949    17.02   0.000     10.50697    19.37733
           79  |   12.10364   2.205863    13.68   0.000     8.468102    17.29998
           80  |   14.13005   2.880985    12.99   0.000     9.475268    21.07151
           81  |   11.37133   2.950523     9.37   0.000     6.838324    18.90918
           82  |    4.89641   .6440215    12.08   0.000     3.783728    6.336301
           83  |   5.874777   .8023476    12.96   0.000     4.495092    7.677932
           84  |   7.950015   1.159049    14.22   0.000     5.974059    10.57953
           85  |     8.1605   1.310209    13.08   0.000     5.957336    11.17844
           86  |   7.511725   1.368017    11.07   0.000     5.256794    10.73392
           87  |   11.53128   2.259486    12.48   0.000      7.85398    16.93033
           88  |   15.60391   3.437217    12.47   0.000     10.13285    24.02899
           89  |   12.61166   3.761714     8.50   0.000     7.028813    22.62885
           90  |   31.35696   8.174853    13.22   0.000     18.81148    52.26906
           91  |   9.720625   1.283019    17.23   0.000     7.504896    12.59052
           92  |   11.05631   1.563343    16.99   0.000     8.380154    14.58709
           93  |    12.9059    2.04975    16.10   0.000     9.453624    17.61889
           94  |   16.99691   2.873415    16.76   0.000     12.20309    23.67391
           95  |   16.91794   3.244573    14.75   0.000      11.6172    24.63732
           96  |   24.11872   5.001242    15.35   0.000     16.06386    36.21253
           97  |   32.76616   7.243254    15.78   0.000     21.24515    50.53489
           98  |   43.62048   11.00817    14.96   0.000     26.59984    71.53224
           99  |     29.105   9.634016    10.18   0.000     15.21291    55.68305
          100  |   16.07868   2.252899    19.82   0.000      12.2175    21.16013
          101  |   18.61212   3.154566    17.25   0.000     13.35137    25.94573
          102  |   20.45198   4.381996    14.09   0.000     13.43875    31.12518
          103  |   22.40895   5.627644    12.38   0.000     13.69797    36.65954
          104  |   20.48334    6.52222     9.48   0.000     10.97399    38.23286
          105  |   27.77419    10.0161     9.22   0.000     13.69859    56.31279
          106  |   49.29377   15.29824    12.56   0.000     26.83014    90.56515
          107  |   52.38459    20.0272    10.35   0.000     24.76167    110.8223
          108  |   88.21362   28.58589    13.82   0.000     46.74135    166.4831
               |
         _cons |   .0006417   .0000836   -56.45   0.000     .0004971    .0008283
--------------------------------------------------------------------------------
Note: _cons estimates baseline odds.




(2) *******Household composition - MV adjusted****

. logistic case i.hh_composition i.sex2 i.bmicat i.smoke i.imd i.region2 i.eth5, or base
note: 36.hh_composition != 0 predicts failure perfectly
      36.hh_composition dropped and 405 obs not used


Logistic regression                             Number of obs     =  7,207,499
                                                LR chi2(103)      =   12038.81
                                                Prob > chi2       =     0.0000
Log likelihood = -174606.03                     Pseudo R2         =     0.0333

-------------------------------------------------------------------------------------------
                     case | Odds Ratio   Std. Err.      z    P>|z|     [95% Conf. Interval]
--------------------------+----------------------------------------------------------------
           hh_composition |
                      28  |          1  (base)
                      29  |   1.690166   .5402023     1.64   0.101     .9033849    3.162177
                      30  |   1.745174   .5439409     1.79   0.074     .9474008    3.214724
                      31  |   1.746919   .5753423     1.69   0.090     .9160775    3.331297
                      32  |   1.461204   .5465152     1.01   0.311     .7020163    3.041409
                      33  |   .8593025   .4528455    -0.29   0.774     .3058931    2.413917
                      34  |   1.275225   .7306204     0.42   0.671     .4148621    3.919851
                      35  |   4.480011   2.112213     3.18   0.001     1.778111    11.28754
                      36  |          1  (empty)
                      37  |   1.841001   .5168551     2.17   0.030     1.061895     3.19173
                      38  |   1.733414   .4866894     1.96   0.050     .9997949    3.005339
                      39  |    1.99371   .5599777     2.46   0.014     1.149696     3.45733
                      40  |   1.957961   .5547932     2.37   0.018     1.123605    3.411883
                      41  |   2.358248    .673954     3.00   0.003     1.346878    4.129057
                      42  |   2.533172   .7350049     3.20   0.001     1.434454    4.473449
                      43  |   2.484515   .7395778     3.06   0.002      1.38631    4.452695
                      44  |   1.949726    .618334     2.11   0.035     1.047187    3.630134
                      45  |   2.774385   .8936316     3.17   0.002     1.475686    5.216022
                      46  |   1.726576   .4834079     1.95   0.051     .9973919    2.988861
                      47  |   1.845231   .5155332     2.19   0.028     1.067177    3.190548
                      48  |   1.991267    .555891     2.47   0.014     1.152138    3.441555
                      49  |   1.981382   .5556931     2.44   0.015     1.143517    3.433159
                      50  |     2.0617   .5827594     2.56   0.010     1.184746     3.58778
                      51  |   2.100027   .6019824     2.59   0.010     1.197358    3.683203
                      52  |   2.289999   .6673711     2.84   0.004     1.293514    4.054149
                      53  |    2.22635   .6689364     2.66   0.008     1.235488    4.011883
                      54  |    2.25207   .7042145     2.60   0.009     1.220152     4.15671
                      55  |   2.168111   .6061368     2.77   0.006     1.253464    3.750171
                      56  |   2.170839   .6061777     2.78   0.006     1.255859    3.752444
                      57  |   2.195159   .6123044     2.82   0.005     1.270682    3.792233
                      58  |   2.510167   .7025342     3.29   0.001     1.450347    4.344432
                      59  |   2.509297   .7073993     3.26   0.001     1.444071     4.36029
                      60  |   2.446357   .6998694     3.13   0.002     1.396377     4.28585
                      61  |   2.739055   .7979097     3.46   0.001     1.547528    4.848003
                      62  |    1.97118   .6114634     2.19   0.029     1.073203    3.620516
                      63  |   1.845104    .617336     1.83   0.067     .9576907     3.55481
                      64  |   2.408461   .6711273     3.15   0.002     1.394919    4.158439
                      65  |   2.637145   .7353901     3.48   0.001     1.526755    4.555109
                      66  |   2.713904   .7578962     3.58   0.000     1.569945    4.691424
                      67  |   2.799334   .7870817     3.66   0.000     1.613334    4.857188
                      68  |   2.806516   .7989043     3.63   0.000     1.606439    4.903103
                      69  |   2.601828   .7586858     3.28   0.001     1.469165    4.607725
                      70  |   3.069023   .9154841     3.76   0.000     1.710363    5.506962
                      71  |   3.139474   .9781851     3.67   0.000      1.70468    5.781905
                      72  |   2.470579   .8473896     2.64   0.008     1.261372    4.838986
                      73  |   1.951594   .5437978     2.40   0.016     1.130338    3.369541
                      74  |   2.404308   .6727063     3.14   0.002     1.389411    4.160538
                      75  |   2.670613   .7529322     3.48   0.000     1.536844    4.640793
                      76  |   2.804063    .801574     3.61   0.000      1.60126    4.910363
                      77  |   2.702395   .7866431     3.42   0.001     1.527466     4.78108
                      78  |   3.845597   1.128646     4.59   0.000     2.163437    6.835707
                      79  |   2.813475   .8767266     3.32   0.001     1.527546    5.181935
                      80  |   3.254682   1.069503     3.59   0.000     1.709228    6.197507
                      81  |   2.495358   .9352903     2.44   0.015     1.196995    5.202037
                      82  |   2.188135   .6096938     2.81   0.005     1.267356    3.777894
                      83  |   2.469752   .6966096     3.21   0.001      1.42091    4.292797
                      84  |   3.053096   .8800191     3.87   0.000     1.735368    5.371422
                      85  |   2.687139   .8024428     3.31   0.001     1.496585    4.824795
                      86  |   2.282722   .7137831     2.64   0.008     1.236776    4.213226
                      87  |   3.270809   1.047438     3.70   0.000     1.746096    6.126923
                      88  |   3.621382   1.243265     3.75   0.000     1.847763    7.097451
                      89  |     3.6615    1.41728     3.35   0.001     1.714664    7.818782
                      90  |   6.683451   2.594667     4.89   0.000     3.122806    14.30397
                      91  |   4.591152   1.281001     5.46   0.000     2.657195    7.932678
                      92  |   4.819898   1.375997     5.51   0.000     2.754449    8.434144
                      93  |   4.320521   1.294768     4.88   0.000     2.401316    7.773614
                      94  |   5.605365   1.703847     5.67   0.000     3.089346    10.17048
                      95  |    4.70294   1.502548     4.85   0.000     2.514305    8.796722
                      96  |   5.145255    1.72601     4.88   0.000     2.666034    9.929972
                      97  |   7.004053   2.411996     5.65   0.000     3.566316    13.75558
                      98  |   9.216623   3.431141     5.97   0.000     4.443126    19.11855
                      99  |   7.183695   3.146569     4.50   0.000     3.044448    16.95069
                     100  |   8.613947   2.456141     7.55   0.000        4.926    15.06295
                     101  |   8.152496   2.534952     6.75   0.000     4.432171    14.99563
                     102  |    8.64217    2.99093     6.23   0.000     4.385653    17.02987
                     103  |   10.19207   3.784179     6.25   0.000     4.922915    21.10095
                     104  |   6.921858   3.026819     4.42   0.000     2.937688    16.30946
                     105  |   7.942411   3.767098     4.37   0.000     3.134918    20.12235
                     106  |   12.80986   5.843988     5.59   0.000     5.238628    31.32356
                     107  |   14.33087   7.692659     4.96   0.000      5.00445    41.03822
                     108  |   42.11528   18.34575     8.59   0.000     17.93286    98.90766
                          |
                     sex2 |
                       F  |          1  (base)
                       M  |   .9398302   .0117602    -4.96   0.000      .917061    .9631646
                          |
                   bmicat |
     Underweight (<18.5)  |          1  (base)
      Normal (18.5-24.9)  |   .9358654   .0442939    -1.40   0.161     .8529558    1.026834
    Overweight (25-29.9)  |   1.088865   .0515587     1.80   0.072     .9923594    1.194756
       Obese I (30-34.9)  |   1.313803   .0632188     5.67   0.000      1.19556    1.443741
      Obese II (35-39.9)  |    1.54443   .0777716     8.63   0.000     1.399281    1.704635
         Obese III (40+)  |   1.936033   .1023173    12.50   0.000     1.745531    2.147325
                          |
                    smoke |
                   Never  |          1  (base)
                  Former  |   1.145157   .0156883     9.89   0.000     1.114817    1.176322
                 Current  |   .6940963   .0145664   -17.40   0.000     .6661259    .7232411
                          |
                      imd |
        1 least deprived  |          1  (base)
                       2  |   1.139839   .0244677     6.10   0.000     1.092878    1.188817
                       3  |   1.219401   .0259564     9.32   0.000     1.169574    1.271351
                       4  |   1.400104   .0289847    16.26   0.000     1.344432    1.458081
         5 most deprived  |   1.591023    .033498    22.06   0.000     1.526704    1.658051
                          |
                  region2 |
                    East  |          1  (base)
           East Midlands  |   1.187402   .0217108     9.39   0.000     1.145603    1.230726
                  London  |   .6101188   .0171438   -17.58   0.000     .5774261    .6446625
              North East  |   1.411956   .0382122    12.75   0.000     1.339013    1.488872
              North West  |   1.049869   .0256139     1.99   0.046     1.000848     1.10129
              South East  |   .7793019   .0258753    -7.51   0.000     .7302022    .8317032
              South West  |   .6049127    .016868   -18.03   0.000     .5727392    .6388935
           West Midlands  |   .7493973   .0247519    -8.73   0.000     .7024214    .7995148
Yorkshire and The Humber  |   1.272746   .0246989    12.43   0.000     1.225246    1.322088
                          |
                     eth5 |
                   White  |          1  (base)
             South Asian  |   3.181059   .0555944    66.21   0.000     3.073941     3.29191
                   Black  |   1.840379   .0590399    19.01   0.000     1.728226    1.959811
                   Mixed  |   1.712477   .0834704    11.04   0.000     1.556449    1.884145
                   Other  |   1.443239   .0606375     8.73   0.000     1.329154    1.567117
                          |
                    _cons |   .0009588   .0002699   -24.69   0.000     .0005522    .0016648
-------------------------------------------------------------------------------------------
Note: _cons estimates baseline odds.

. 
end of do-file

