Table x: Household size by ethnic group
	Total	Total	White	White	South Asian	South Asian	Black	Black	Mixed	Mixed	Other	Other

Number of generations in each household
 0	  1164137	30.8	   851149	31.1	    14519	15.0	     9326	32.6	     3098	30.1	     5987	26.1	
 1	  1370337	36.2	  1035289	37.8	    15093	15.6	     3958	13.8	     1989	19.3	     4461	19.5	
 2	   655745	17.3	   460272	16.8	    26385	27.3	     7824	27.3	     2681	26.1	     6033	26.3	
 3	   590764	15.6	   389449	14.2	    40611	42.0	     7533	26.3	     2521	24.5	     6420	28.0	


Number of people in each household
 1	  1164137	30.8	   851149	31.1	    14519	15.0	     9326	32.6	     3098	30.1	     5987	26.1	
 2-3	  1995030	52.8	  1478936	54.1	    36483	37.8	    11234	39.2	     4438	43.1	     9675	42.2	
 4-5	   138890	3.7	    82755	3.0	    17275	17.9	     3518	12.3	     1136	11.0	     2987	13.0	
 6-7	    40534	1.1	    17914	0.7	    11688	12.1	     1458	5.1	      448	4.4	     1297	5.7	
 8-10	    14310	0.4	     5304	0.2	     5380	5.6	      608	2.1	      146	1.4	      474	2.1	


Index of Multiple Deprivation (IMD)
 1	   962311	25.5	   696638	25.5	    10582	11.0	     2150	7.5	     1663	16.2	     4227	18.5	
 2	   878177	23.2	   643255	23.5	    12951	13.4	     3337	11.7	     1924	18.7	     4577	20.0	
 3	   815458	21.6	   589359	21.5	    20635	21.4	     5343	18.7	     2256	21.9	     4703	20.5	
 4	   652856	17.3	   465595	17.0	    27824	28.8	     7876	27.5	     2368	23.0	     5207	22.7	
 5	   453543	12.0	   326868	11.9	    24230	25.1	     9823	34.3	     2036	19.8	     4070	17.8	


Age group(s) of hh occupants
 Only 18-29	        0	0.0	        0	0.0	        0	0.0	        0	0.0	        0	0.0	        0	0.0	
 Only 30-66	        0	0.0	        0	0.0	        0	0.0	        0	0.0	        0	0.0	        0	0.0	
 Only 67+	  2534474	67.0	  1886438	68.9	    29612	30.7	    13284	46.4	     5087	49.4	    10448	45.6	
 0-17 & 18-29	        0	0.0	        0	0.0	        0	0.0	        0	0.0	        0	0.0	        0	0.0	
 0-17 & 30-66	        0	0.0	        0	0.0	        0	0.0	        0	0.0	        0	0.0	        0	0.0	
 0-17 & 67+	     7667	0.2	     5107	0.2	      607	0.6	      181	0.6	       56	0.5	      129	0.6	
 18-29 & 30-66	        0	0.0	        0	0.0	        0	0.0	        0	0.0	        0	0.0	        0	0.0	
 18-29 & 67+	    34048	0.9	    23801	0.9	     1466	1.5	      514	1.8	      185	1.8	      400	1.7	
 30-66 & 67+	   614030	16.2	   431364	15.8	    24312	25.2	     7129	24.9	     2440	23.7	     5504	24.0	
 0-17, 18-29 & 30-66	        0	0.0	        0	0.0	        0	0.0	        0	0.0	        0	0.0	        0	0.0	
 0-17, 18-29 & 67+	     3411	0.1	     2123	0.1	      368	0.4	       96	0.3	       25	0.2	       50	0.2	
 0-17, 30-66 & 67+	    66507	1.8	    35412	1.3	    13689	14.2	     2187	7.6	      681	6.6	     1930	8.4	
 18-29, 30-66 & 67+	    68864	1.8	    41340	1.5	     8429	8.7	     1700	5.9	      505	4.9	     1274	5.6	
 0-17, 18-29, 30-66 & 67+	   451982	12.0	   310574	11.4	    18125	18.8	     3550	12.4	     1310	12.7	     3166	13.8	





Table x: Household size by ethnic subgroup
	Total	Total	Indian	Indian	Pakistani	Pakistani	Bangladeshi	Bangladeshi
Number of generations in each household
 0	  1164137	30.8	     7933	15.2	     2534	11.0	      447	12.2	
 1	  1370337	36.2	    10084	19.4	     1708	7.4	      177	4.8	
 2	   655745	17.3	    15432	29.7	     5356	23.2	      750	20.4	
 3	   590764	15.6	    18581	35.7	    13505	58.5	     2304	62.6	


Number of people in each household
 1	  1164137	30.8	     7933	15.2	     2534	11.0	      447	12.2	
 2-3	  1995030	52.8	    22368	43.0	     6094	26.4	      844	22.9	
 4-5	   138890	3.7	     9293	17.9	     4358	18.9	      735	20.0	
 6-7	    40534	1.1	     5307	10.2	     3999	17.3	      719	19.5	
 8-10	    14310	0.4	     1825	3.5	     2457	10.6	      374	10.2	


Index of Multiple Deprivation (IMD)
 1	   962311	25.5	     6838	13.1	     1083	4.7	      215	5.8	
 2	   878177	23.2	     7978	15.3	     1649	7.1	      288	7.8	
 3	   815458	21.6	    12727	24.5	     2987	12.9	      579	15.7	
 4	   652856	17.3	    16151	31.0	     5876	25.4	     1011	27.5	
 5	   453543	12.0	     8114	15.6	    11455	49.6	     1577	42.9	


Age group(s) of hh occupants
 Only 18-29	        0	0.0	        0	0.0	        0	0.0	        0	0.0	
 Only 30-66	        0	0.0	        0	0.0	        0	0.0	        0	0.0	
 Only 67+	  2534474	67.0	    18017	34.6	     4242	18.4	      624	17.0	
 0-17 & 18-29	        0	0.0	        0	0.0	        0	0.0	        0	0.0	
 0-17 & 30-66	        0	0.0	        0	0.0	        0	0.0	        0	0.0	
 0-17 & 67+	     7667	0.2	      255	0.5	      206	0.9	       39	1.1	
 18-29 & 30-66	        0	0.0	        0	0.0	        0	0.0	        0	0.0	
 18-29 & 67+	    34048	0.9	      638	1.2	      419	1.8	       77	2.1	
 30-66 & 67+	   614030	16.2	    14539	27.9	     4731	20.5	      634	17.2	
 0-17, 18-29 & 30-66	        0	0.0	        0	0.0	        0	0.0	        0	0.0	
 0-17, 18-29 & 67+	     3411	0.1	       85	0.2	      213	0.9	       29	0.8	
 0-17, 30-66 & 67+	    66507	1.8	     6482	12.5	     4370	18.9	      724	19.7	
 18-29, 30-66 & 67+	    68864	1.8	     4353	8.4	     2253	9.8	      387	10.5	
 0-17, 18-29, 30-66 & 67+	   451982	12.0	     7661	14.7	     6669	28.9	     1164	31.6	



Table x: Household size by ethnic group and IMD
	Total	Total	White Q1	White Q1	White Q5	White Q5	SA Q1	SA Q1	SA Q5	SA Q5
Number of generations in each household
 0	  1164137	30.8	   183792	26.4	   129442	39.6	     1459	13.8	     3947	16.3	
 1	  1370337	36.2	   304398	43.7	    87398	26.7	     2248	21.2	     2599	10.7	
 2	   655745	17.3	   107778	15.5	    62545	19.1	     2778	26.3	     6007	24.8	
 3	   590764	15.6	   100670	14.5	    47483	14.5	     4097	38.7	    11677	48.2	


Number of people in each household
 1	  1164137	30.8	   183792	26.4	   129442	39.6	     1459	13.8	     3947	16.3	
 2-3	  1995030	52.8	   408676	58.7	   147858	45.2	     4579	43.3	     7618	31.4	
 4-5	   138890	3.7	    18692	2.7	    11644	3.6	     1834	17.3	     4282	17.7	
 6-7	    40534	1.1	     3820	0.5	     2450	0.7	     1087	10.3	     3250	13.4	
 8-10	    14310	0.4	      800	0.1	     1006	0.3	      297	2.8	     1858	7.7	


Age group(s) of hh occupants
 Only 18-29	        0	0.0	        0	0.0	        0	0.0	        0	0.0	        0	0.0	
 Only 30-66	        0	0.0	        0	0.0	        0	0.0	        0	0.0	        0	0.0	
 Only 67+	  2534474	67.0	   488190	70.1	   216840	66.3	     3707	35.0	     6546	27.0	
 0-17 & 18-29	        0	0.0	        0	0.0	        0	0.0	        0	0.0	        0	0.0	
 0-17 & 30-66	        0	0.0	        0	0.0	        0	0.0	        0	0.0	        0	0.0	
 0-17 & 67+	     7667	0.2	     1056	0.2	      860	0.3	       67	0.6	      206	0.9	
 18-29 & 30-66	        0	0.0	        0	0.0	        0	0.0	        0	0.0	        0	0.0	
 18-29 & 67+	    34048	0.9	     4826	0.7	     4052	1.2	      146	1.4	      407	1.7	
 30-66 & 67+	   614030	16.2	   101896	14.6	    57633	17.6	     2565	24.2	     5394	22.3	
 0-17, 18-29 & 30-66	        0	0.0	        0	0.0	        0	0.0	        0	0.0	        0	0.0	
 0-17, 18-29 & 67+	     3411	0.1	      311	0.0	      564	0.2	       20	0.2	      182	0.8	
 0-17, 30-66 & 67+	    66507	1.8	     8367	1.2	     4557	1.4	     1553	14.7	     3604	14.9	
 18-29, 30-66 & 67+	    68864	1.8	     9121	1.3	     5974	1.8	      768	7.3	     2176	9.0	
 0-17, 18-29, 30-66 & 67+	   451982	12.0	    82871	11.9	    36388	11.1	     1756	16.6	     5715	23.6	


Table x: Household size by ethnic subgroup and IMD
	Total	Total	Indian Q1	Indian Q1	Indian Q5	Indian Q5	Pakistani Q1	Pakistani Q1	Pakistani Q5	Pakistani Q5	Bangladeshi Q1	Bangladeshi Q1	Bangladeshi Q5	Bangladeshi Q5
Number of generations in each household
 0	  1164137	30.8	      879	12.9	     1738	21.4	      117	10.8	     1304	11.4	       37	17.2	      191	12.1	
 1	  1370337	36.2	     1521	22.2	     1362	16.8	      133	12.3	      773	6.7	       26	12.1	       45	2.9	
 2	   655745	17.3	     1805	26.4	     2297	28.3	      258	23.8	     2614	22.8	       50	23.3	      300	19.0	
 3	   590764	15.6	     2633	38.5	     2717	33.5	      575	53.1	     6764	59.0	      102	47.4	     1041	66.0	


Number of people in each household
 1	  1164137	30.8	      879	12.9	     1738	21.4	      117	10.8	     1304	11.4	       37	17.2	      191	12.1	
 2-3	  1995030	52.8	     3029	44.3	     3243	40.0	      341	31.5	     2950	25.8	       67	31.2	      309	19.6	
 4-5	   138890	3.7	     1174	17.2	     1281	15.8	      229	21.1	     2128	18.6	       32	14.9	      360	22.8	
 6-7	    40534	1.1	      727	10.6	      708	8.7	      155	14.3	     1956	17.1	       37	17.2	      291	18.5	
 8-10	    14310	0.4	      165	2.4	      267	3.3	       69	6.4	     1280	11.2	       15	7.0	      161	10.2	


Age group(s) of hh occupants
 Only 18-29	        0	0.0	        0	0.0	        0	0.0	        0	0.0	        0	0.0	        0	0.0	        0	0.0	
 Only 30-66	        0	0.0	        0	0.0	        0	0.0	        0	0.0	        0	0.0	        0	0.0	        0	0.0	
 Only 67+	  2534474	67.0	     2400	35.1	     3100	38.2	      250	23.1	     2077	18.1	       63	29.3	      236	15.0	
 0-17 & 18-29	        0	0.0	        0	0.0	        0	0.0	        0	0.0	        0	0.0	        0	0.0	        0	0.0	
 0-17 & 30-66	        0	0.0	        0	0.0	        0	0.0	        0	0.0	        0	0.0	        0	0.0	        0	0.0	
 0-17 & 67+	     7667	0.2	       46	0.7	       36	0.4	       12	1.1	      119	1.0	        [REDACTED]	[REDACTED]	       17	1.1	
 18-29 & 30-66	        0	0.0	        0	0.0	        0	0.0	        0	0.0	        0	0.0	        0	0.0	        0	0.0	
 18-29 & 67+	    34048	0.9	       77	1.1	       94	1.2	       17	1.6	      218	1.9	        [REDACTED]	[REDACTED]	       37	2.3	
 30-66 & 67+	   614030	16.2	     1682	24.6	     2167	26.7	      229	21.1	     2277	19.9	       45	20.9	      246	15.6	
 0-17, 18-29 & 30-66	        0	0.0	        0	0.0	        0	0.0	        0	0.0	        0	0.0	        0	0.0	        0	0.0	
 0-17, 18-29 & 67+	     3411	0.1	        9	0.1	       27	0.3	        7	0.6	      121	1.1	        0	0.0	       19	1.2	
 0-17, 30-66 & 67+	    66507	1.8	      988	14.4	      886	10.9	      211	19.5	     2027	17.7	       39	18.1	      314	19.9	
 18-29, 30-66 & 67+	    68864	1.8	      523	7.6	      555	6.8	       89	8.2	     1172	10.2	       15	7.0	      176	11.2	
 0-17, 18-29, 30-66 & 67+	   451982	12.0	     1113	16.3	     1249	15.4	      268	24.7	     3444	30.1	       48	22.3	      532	33.7	


