Table 1: Demographic and Clinical Characteristics
	Total	1 gen	2 gens	3+ gens
Sex
 F	  9187009 (50.3)	  3632880 (49.5)	  3406318 (51.9)	  2147811 (49.2)	
 M	  9081874 (49.7)	  3706366 (50.5)	  3156526 (48.1)	  2218982 (50.8)	

Age (years)
Mean (SD)	49.0 (18.6)	56.4 (19.1)	43.8 (15.7)	44.6 (17.8)	
Median (IQR)	48.0 (33.0-63.0)	59.0 (40.0-72.0)	42.0 (32.0-54.0)	44.0 (29.0-56.0)	

Age categorised for HH risk analysis
 0-17	        0 (0.0)	        0 (0.0)	        0 (0.0)	        0 (0.0)	
 18-29	  3310347 (18.1)	   813403 (11.1)	  1360306 (20.7)	  1136638 (26.0)	
 30-66	 11194978 (61.3)	  4001730 (54.5)	  4549707 (69.3)	  2643541 (60.5)	
 67+	  3763558 (20.6)	  2524113 (34.4)	   652831 (9.9)	   586614 (13.4)	

Eth 5 categories
 White	 11914402 (65.2)	  5190557 (70.7)	  4207994 (64.1)	  2515851 (57.6)	
 South Asian	  1082108 (5.9)	   237174 (3.2)	   448570 (6.8)	   396364 (9.1)	
 Black	   376405 (2.1)	   122025 (1.7)	   151535 (2.3)	   102845 (2.4)	
 Mixed	   191615 (1.0)	    66332 (0.9)	    76509 (1.2)	    48774 (1.1)	
 Other	   358517 (2.0)	   142708 (1.9)	   132370 (2.0)	    83439 (1.9)	

BMI
 Underweight (<18.5)	   328190 (1.8)	   140635 (1.9)	   112081 (1.7)	    75474 (1.7)	
 Normal (18.5-24.9)	  5120360 (28.0)	  2179066 (29.7)	  1846494 (28.1)	  1094800 (25.1)	
 Overweight (25-29.9)	  4982295 (27.3)	  2168358 (29.5)	  1733453 (26.4)	  1080484 (24.7)	
 Obese I (30-34.9)	  2532195 (13.9)	  1083439 (14.8)	   884029 (13.5)	   564727 (12.9)	
 Obese II (35-39.9)	   986032 (5.4)	   404451 (5.5)	   356078 (5.4)	   225503 (5.2)	
 Obese III (40+)	   503739 (2.8)	   198332 (2.7)	   189501 (2.9)	   115906 (2.7)	

Smoking status
 Never	  8393581 (45.9)	  3213284 (43.8)	  3139024 (47.8)	  2041273 (46.7)	
 Former	  5962074 (32.6)	  2741740 (37.4)	  1983774 (30.2)	  1236560 (28.3)	
 Current	  3146708 (17.2)	  1213351 (16.5)	  1162558 (17.7)	   770799 (17.7)	
 Unknown	   766520 (4.2)	   170871 (2.3)	   277488 (4.2)	   318161 (7.3)	

Index of Multiple Deprivation (IMD)
 1 least deprived	  3758485 (20.6)	  1512862 (20.6)	  1381546 (21.1)	   864077 (19.8)	
 2	  3766385 (20.6)	  1585872 (21.6)	  1347928 (20.5)	   832585 (19.1)	
 3	  3791876 (20.8)	  1587624 (21.6)	  1334370 (20.3)	   869882 (19.9)	
 4	  3665819 (20.1)	  1448914 (19.7)	  1302440 (19.8)	   914465 (20.9)	
 5 most deprived	  3108031 (17.0)	  1121106 (15.3)	  1127222 (17.2)	   859703 (19.7)	

region of England
 East	  4253523 (23.3)	  1599439 (21.8)	  1606257 (24.5)	  1047827 (24.0)	
 East Midlands	  3214028 (17.6)	  1285484 (17.5)	  1179357 (18.0)	   749187 (17.2)	
 London	  1277000 (7.0)	   548163 (7.5)	   459619 (7.0)	   269218 (6.2)	
 North East	   849702 (4.7)	   351699 (4.8)	   304443 (4.6)	   193560 (4.4)	
 North West	  1597381 (8.7)	   655926 (8.9)	   567396 (8.6)	   374059 (8.6)	
 South East	  1234112 (6.8)	   537691 (7.3)	   434410 (6.6)	   262011 (6.0)	
 South West	  2569257 (14.1)	  1115792 (15.2)	   864371 (13.2)	   589094 (13.5)	
 West Midlands	   739525 (4.0)	   256975 (3.5)	   260602 (4.0)	   221948 (5.1)	
 Yorkshire and The Humber	  2527895 (13.8)	   986018 (13.4)	   884202 (13.5)	   657675 (15.1)	

Rural Urban in five categories
 Urban major conurbation	  3702306 (20.3)	  1401411 (19.1)	  1331300 (20.3)	   969595 (22.2)	
 Urban minor conurbation	  1155740 (6.3)	   459408 (6.3)	   409921 (6.2)	   286411 (6.6)	
 Urban city and town	  9526496 (52.1)	  3752675 (51.1)	  3433163 (52.3)	  2340658 (53.6)	
 Rural town and fringe	  2114905 (11.6)	   903981 (12.3)	   751707 (11.5)	   459217 (10.5)	
 Rural village and dispersed	  1591392 (8.7)	   739045 (10.1)	   567460 (8.6)	   284887 (6.5)	

calculated No of ppl in household
 1-2	  8199592 (44.9)	  6718549 (91.5)	  1481043 (22.6)	        0 (0.0)	
 3-5	  6619907 (36.2)	   588287 (8.0)	  4691603 (71.5)	  1340017 (30.7)	
 6-10	  1087402 (6.0)	    32410 (0.4)	   390198 (5.9)	   664794 (15.2)	

Categorical number of comorbidites of interest
 No comorbidities	 14140070 (77.4)	  5032857 (68.6)	  5512099 (84.0)	  3595114 (82.3)	
 1 comorbidity	  2762474 (15.1)	  1438846 (19.6)	   776425 (11.8)	   547203 (12.5)	
 2 or more comorbidities	  1366339 (7.5)	   867543 (11.8)	   274320 (4.2)	   224476 (5.1)	



